-0.428573
-0.771438
-0.771438
-0.771438
-0.771438
-0.771438
-0.771438
-0.771438
-0.771438
-0.771438
-0.771438
-0.771438
-0.771438
-0.771438
-0.771438
-0.771438
-0.771438
-0.771438
-0.771438
-0.771438
-0.771438
-0.771438
-0.771438
-0.771438
-0.771438
-0.771438
-0.771438
-0.771438
-0.771438
-0.771438
-0.771438
-0.771438
-0.771438
-0.771438
-0.771438
-0.771438
-0.771438
-0.771438
-0.771438
-0.771438
-0.771438
-0.771438
-0.771438
-0.771438
-0.771438
-0.770789
-0.77014
-0.76949
-0.768841
-0.768191
-0.767542
-0.766893
-0.766243
-0.765594
-0.764944
-0.764295
-0.763646
-0.762996
-0.762347
-0.761697
-0.761048
-0.760399
-0.759749
-0.7591
-0.758451
-0.757801
-0.757152
-0.757152
-0.757152
-0.757152
-0.757152
-0.757152
-0.757152
-0.757152
-0.757152
-0.757152
-0.757152
-0.757152
-0.757152
-0.757152
-0.757152
-0.757152
-0.757152
-0.757152
-0.757152
-0.757152
-0.757152
-0.757152
0.285714
-0.756503
-0.755854
-0.755204
-0.754555
-0.753905
-0.753256
-0.752607
-0.751957
-0.751308
-0.750658
-0.750009
-0.74936
-0.74871
-0.748061
-0.747411
-0.746762
-0.746113
-0.745463
-0.744814
-0.744164
-0.743515
-0.742866
-0.742866
-0.742866
-0.742866
-0.742866
-0.742866
-0.742866
-0.742866
-0.742866
-0.742866
-0.742866
-0.742866
-0.742866
-0.742866
-0.742866
-0.742866
-0.742866
-0.742866
-0.742866
-0.742866
-0.742866
-0.742866
-0.742866
-0.72858
-0.72858
-0.72858
-0.72858
-0.72858
-0.72858
-0.72858
-0.72858
-0.72858
-0.72858
-0.72858
-0.72858
-0.72858
-0.72858
-0.72858
-0.72858
-0.72858
-0.72858
-0.72858
-0.72858
-0.72858
-0.72858
-0.714294
-0.714294
-0.714294
-0.714294
-0.714294
-0.714294
-0.714294
-0.714294
-0.714294
-0.714294
-0.714294
-0.714294
-0.714294
-0.714294
-0.714294
-0.714294
-0.714294
-0.714294
-0.714294
-0.714294
-0.714294
-0.714294
-0.700008
-0.700008
-0.700008
-0.700008
-0.700008
-0.700008
-0.700008
-0.700008
-0.700008
-0.700008
-0.700008
-0.700008
-0.700008
-0.700008
-0.700008
-0.700008
-0.700008
-0.700008
-0.700008
-0.700008
-0.700008
0.671429
-0.214286
-0.214286
-0.214286
-0.214286
-0.214286
-0.214286
-0.214286
-0.214286
-0.214286
-0.214286
-0.214286
-0.214286
-0.214286
-0.214286
-0.214286
-0.214286
-0.214286
-0.214286
-0.214286
-0.214286
-0.214286
-0.2
-0.19935
-0.198701
-0.198052
-0.197402
-0.196753
-0.196103
-0.195454
-0.194805
-0.194155
-0.193506
-0.192857
-0.192207
-0.191558
-0.190909
-0.190259
-0.18961
-0.18896
-0.188311
-0.187662
-0.187012
-0.186363
-0.185714
-0.185714
-0.185714
-0.185714
-0.185714
-0.185714
-0.185714
-0.185714
-0.185714
-0.185714
-0.185714
-0.185714
-0.185714
-0.185714
-0.185714
-0.185714
-0.185714
-0.185714
-0.185714
-0.185714
-0.185714
-0.185714
-0.171428
-0.171428
-0.171428
-0.171428
-0.171428
-0.171428
-0.171428
-0.171428
-0.171428
-0.171428
-0.171428
-0.171428
-0.171428
-0.171428
-0.171428
-0.171428
-0.171428
-0.171428
-0.171428
-0.171428
-0.171428
-0.171428
0.814286
-0.627928
-0.627279
-0.626629
-0.62598
-0.62533
-0.624681
-0.624032
-0.623382
-0.622733
-0.622083
-0.621434
-0.620785
-0.620135
-0.619486
-0.618836
-0.618187
-0.617538
-0.616888
-0.616239
-0.615589
-0.61494
-0.614291
-0.613643
-0.612993
-0.612344
-0.611694
-0.611045
-0.610396
-0.609746
-0.609097
-0.608447
-0.607798
-0.607149
-0.606499
-0.60585
-0.6052
-0.604551
-0.603902
-0.603252
-0.602603
-0.601953
-0.601304
-0.600655
-0.600005
-0.599356
-0.598706
-0.598057
-0.597408
-0.596758
-0.596109
-0.59546
-0.59481
-0.594161
-0.593511
-0.592862
-0.592213
-0.591563
-0.590914
-0.590264
-0.589615
-0.588966
-0.588316
-0.587667
-0.587017
-0.586368
0.771429
-0.58507
-0.584421
-0.583772
-0.583122
-0.582473
-0.581823
-0.581174
-0.580525
-0.579875
-0.579226
-0.578577
-0.577927
-0.577278
-0.576628
-0.575979
-0.57533
-0.57468
-0.574031
-0.573381
-0.572732
-0.572083
0.185714
-0.570784
-0.570134
-0.569485
-0.568836
-0.568186
-0.567537
-0.566887
-0.566238
-0.565589
-0.564939
-0.56429
-0.56364
-0.562991
-0.562342
-0.561692
-0.561043
-0.560394
-0.559744
-0.559095
-0.558445
-0.557796
-0.557147
-0.556498
-0.555849
-0.5552
-0.55455
-0.553901
-0.553251
-0.552602
-0.551953
-0.551303
-0.550654
-0.550004
-0.549355
-0.548706
-0.548056
-0.547407
-0.546757
-0.546108
-0.545459
-0.544809
-0.54416
-0.54351
-0.842857
-0.542212
-0.541562
-0.540913
-0.540264
-0.539614
-0.538965
-0.538315
-0.537666
-0.537017
-0.536367
-0.535718
-0.535068
-0.534419
-0.53377
-0.53312
-0.532471
-0.531821
-0.531172
-0.530523
-0.529873
-0.529224
-0.528574
-0.528143
-0.52771
-0.527277
-0.526844
-0.526411
-0.525978
-0.525545
-0.525112
-0.524679
-0.524247
-0.523814
-0.523381
-0.522948
-0.522515
-0.522082
-0.521649
-0.521216
-0.520783
-0.52035
-0.519917
-0.519485
0.742857
-0.518619
-0.518186
-0.517753
-0.51732
-0.516887
-0.516454
-0.516021
-0.515588
-0.515155
-0.514723
-0.51429
-0.513857
-0.513424
-0.512991
-0.512558
-0.512125
-0.511692
-0.511259
-0.510826
-0.510394
-0.509961
-0.509528
-0.509095
-0.508662
-0.508229
-0.507796
-0.507363
-0.50693
-0.506497
-0.506064
-0.505632
-0.505199
-0.504766
-0.504333
-0.5039
-0.503467
-0.503034
-0.502601
-0.502168
-0.501735
-0.501302
-0.50087
-0.500437
-0.842857
-0.499354
-0.498705
-0.498055
-0.497406
-0.496757
-0.496107
-0.495458
-0.494809
-0.494159
-0.49351
-0.492861
-0.492211
-0.491562
-0.490912
-0.490263
-0.489614
-0.488964
-0.488315
-0.487666
-0.487016
-0.486367
-0.485718
-0.485068
-0.484419
-0.48377
-0.48312
-0.482471
-0.481821
-0.481172
-0.480523
-0.479873
-0.479224
-0.478575
-0.477925
-0.477276
-0.476627
-0.475977
-0.475328
-0.474678
-0.474029
-0.47338
-0.47273
-0.472081
0.842857
-0.470782
-0.470133
-0.469483
-0.468834
-0.468185
-0.467535
-0.466886
-0.466237
-0.465587
-0.464938
-0.464289
-0.463639
-0.46299
-0.46234
-0.461691
-0.461042
-0.460392
-0.459743
-0.459094
-0.458444
-0.457795
-0.457146
-0.456496
-0.455847
-0.455197
-0.454548
-0.453899
-0.453249
-0.4526
-0.451951
-0.451301
-0.450652
-0.450003
-0.449353
-0.448704
-0.448054
-0.447405
-0.446756
-0.446106
-0.445457
-0.444808
-0.444158
-0.443509
-0.44286
-0.44221
-0.441561
-0.440911
-0.440262
-0.439613
-0.438963
-0.438314
-0.437665
-0.437015
-0.436366
-0.435716
-0.435067
-0.434418
-0.433768
-0.433119
-0.43247
-0.43182
-0.431171
-0.430522
-0.429872
-0.429223
-0.685714
-0.685714
-0.685714
-0.685714
-0.685714
-0.685714
-0.685714
-0.685714
-0.685714
-0.685714
-0.685714
-0.685714
-0.685714
-0.685714
-0.685714
-0.685714
-0.685714
-0.685714
-0.685714
-0.685714
-0.685714
-0.685714
-0.671428
-0.413963
-0.413638
-0.413313
-0.412989
-0.412664
-0.412339
-0.412014
-0.41169
-0.411365
-0.41104
-0.410716
-0.410391
-0.410066
-0.409742
-0.409417
-0.409092
-0.408767
-0.408443
-0.408118
-0.407793
-0.407469
-0.407144
-0.406819
-0.406495
-0.40617
-0.405845
-0.405521
-0.405196
-0.404871
-0.404546
-0.404222
-0.403897
-0.403572
-0.403248
-0.402923
-0.402598
-0.402274
-0.401949
-0.401624
-0.401299
-0.400975
-0.40065
-0.400325
-0.400001
-0.399352
-0.398703
-0.398053
-0.397404
-0.396754
-0.396105
-0.395456
-0.394806
-0.394157
-0.393508
-0.392858
-0.392209
-0.39156
-0.39091
-0.390261
-0.389611
-0.388962
-0.388313
-0.387663
-0.387014
-0.386365
-0.385715
-0.385066
-0.384417
-0.383767
-0.383118
-0.382468
-0.381819
-0.38117
-0.38052
-0.379871
-0.379222
-0.378572
-0.377923
-0.377274
-0.376624
-0.375975
-0.375325
-0.374676
-0.374027
-0.373377
-0.372728
-0.372079
-0.371429
-0.371105
-0.37078
-0.370455
-0.37013
-0.369806
-0.369481
-0.369156
-0.368832
-0.368507
-0.368182
-0.367858
-0.367533
-0.367208
-0.366883
-0.366559
-0.366234
-0.365909
-0.365585
-0.36526
-0.364935
-0.364611
-0.364286
-0.363961
-0.363636
-0.363312
-0.362987
-0.362662
-0.362338
-0.362013
-0.361688
-0.361364
-0.361039
-0.360714
-0.36039
-0.360065
-0.35974
-0.359415
-0.359091
-0.358766
-0.358441
-0.358117
-0.357792
-0.357467
-0.357143
-0.356494
-0.355844
-0.355195
-0.354546
-0.353896
-0.353247
-0.352598
-0.351948
-0.351299
-0.35065
-0.35
-0.349351
-0.348701
-0.348052
-0.347403
-0.346753
-0.346104
-0.345455
-0.344805
-0.344156
-0.343507
-0.342857
0.600001
0.600001
0.600001
0.600001
0.600001
0.600001
0.600001
0.600001
0.600001
0.600001
0.600001
0.600001
0.600001
0.600001
0.600001
0.600001
0.600001
0.600001
0.600001
0.600001
0.600001
0.600001
0.600001
0.600001
0.600001
0.600001
0.600001
0.600001
0.600001
0.600001
0.600001
0.600001
0.600001
0.600001
0.600001
0.600001
0.600001
0.600001
0.600001
0.600001
0.600001
0.600001
0.600001
0.600001
0.600001
0.600001
0.600001
0.600001
0.600001
0.600001
0.600001
0.600001
0.600001
0.600001
0.600001
0.600001
0.600001
0.600001
0.600001
0.600001
0.600001
0.600001
0.600001
0.600001
0.600001
0.600001
0.600001
0.600001
0.600001
0.600001
0.600001
0.600001
0.600001
0.600001
0.600001
0.600001
0.600001
0.600001
0.600001
0.600001
0.600001
0.600001
0.600001
0.600001
0.600001
0.600001
0.600001
0.600001
0.600001
0.600001
0.600001
0.600001
0.600001
0.600001
0.600001
0.600001
0.600001
0.600001
0.600001
0.600001
0.600001
0.600001
0.600001
0.600001
0.600001
0.600001
0.600001
0.600001
0.600001
0.600001
0.600001
0.600001
0.600001
0.600001
0.600001
0.600001
0.600001
0.600001
0.600001
0.600001
0.600001
0.600001
0.600001
0.600001
0.600001
0.600001
0.600001
0.600001
0.600001
0.600001
0.600001
0.600001
0.600001
0.600001
0.600001
0.600001
0.600001
0.600001
0.600001
0.600001
0.600001
0.600001
0.600001
0.600001
0.600001
0.600001
0.600001
0.600001
0.600001
0.600001
0.600001
0.600001
0.600001
0.600001
0.599677
0.599352
0.599027
0.598703
0.598378
0.598053
0.597729
0.597404
0.597079
0.596755
0.59643
0.596105
0.595781
0.595456
0.595131
0.594807
0.594482
0.594157
0.593833
0.593508
0.593183
0.592859
0.592534
0.592209
0.591885
0.59156
0.591235
0.590911
0.590586
0.590261
0.589937
0.589612
0.589287
0.588963
0.588638
0.588313
0.587989
0.587664
0.587339
0.587015
0.58669
0.586365
0.586041
0.585716
0.585715
0.585715
0.585715
0.585715
0.585715
0.585715
0.585715
0.585715
0.585715
0.585715
0.585715
0.585715
0.585715
0.585715
0.585715
0.585715
0.585715
0.585715
0.585715
0.585715
0.585715
0.585715
0.585715
0.585715
0.585715
0.585715
0.585715
0.585715
0.585715
0.585715
0.585715
0.585715
0.585715
0.585715
0.585715
0.585715
0.585715
0.585715
0.585715
0.585715
0.585715
0.585715
0.585715
0.585715
0.585715
0.585715
0.585715
0.585715
0.585715
0.585715
0.585715
0.585715
0.585715
0.585715
0.585715
0.585715
0.585715
0.585715
0.585715
0.585715
0.585715
0.585715
0.585715
0.585715
0.585715
0.585715
0.585715
0.585715
0.585715
0.585715
0.585715
0.585715
0.585715
0.585715
0.585715
0.585715
0.585715
0.585715
0.585715
0.585715
0.585715
0.585715
0.585715
0.585715
0.585715
0.585715
0.585715
-0.585714
-0.585714
-0.585714
-0.585714
-0.585714
-0.585714
-0.585714
-0.585714
-0.585714
-0.585714
-0.585714
-0.585714
-0.585714
-0.585714
-0.585714
-0.585714
-0.585714
-0.585714
-0.585714
-0.585714
-0.585714
-0.585714
-0.557142
-0.556493
-0.555844
-0.555194
-0.554545
-0.553896
-0.553246
-0.552597
-0.551947
-0.551298
-0.550649
-0.549999
-0.54935
-0.5487
-0.548051
-0.547402
-0.546752
-0.546103
-0.545453
-0.544804
-0.544155
-0.543505
-0.542856
-0.542207
-0.541558
-0.540908
-0.540259
-0.539609
-0.53896
-0.538311
-0.537661
-0.537012
-0.536363
-0.535713
-0.535064
-0.534414
-0.533765
-0.533116
-0.532466
-0.531817
-0.531167
-0.530518
-0.529869
-0.529219
-0.514284
-0.513635
-0.512986
-0.512336
-0.511687
-0.511037
-0.510388
-0.509739
-0.509089
-0.50844
-0.50779
-0.507141
-0.506492
-0.505842
-0.505193
-0.504543
-0.503894
-0.503245
-0.502595
-0.501946
-0.501297
-0.500647
-0.499998
-0.499348
-0.498699
-0.49805
-0.4974
-0.496751
-0.496101
-0.495452
-0.494803
-0.494153
-0.493504
-0.492855
-0.492205
-0.491556
-0.490907
-0.490257
-0.489608
-0.488959
-0.488309
-0.48766
-0.48701
-0.486361
-0.485712
-0.485062
-0.484413
-0.483764
-0.483114
-0.482465
-0.481815
-0.481166
-0.480517
-0.479867
-0.479218
-0.478569
-0.477919
-0.47727
-0.476621
-0.475971
-0.475322
-0.474672
-0.474023
-0.473374
-0.472724
-0.472075
-0.471426
-0.470776
-0.470127
-0.469478
-0.468828
-0.468179
-0.467529
-0.46688
-0.466231
-0.465581
-0.464932
-0.464283
-0.463633
-0.462984
-0.462335
-0.461685
-0.461036
-0.460386
-0.459737
-0.459088
-0.458438
-0.457789
-0.45714
-0.45649
-0.455841
-0.455191
-0.454542
-0.453893
-0.453243
-0.452594
-0.451945
-0.451295
-0.450646
-0.449997
-0.449347
-0.448698
-0.448048
-0.447399
-0.44675
-0.4461
-0.445451
-0.444802
-0.444152
-0.443503
-0.442854
-0.442854
-0.442854
-0.442854
-0.442854
-0.442854
-0.442854
-0.442854
-0.442854
-0.442854
-0.442854
-0.442854
-0.442854
-0.442854
-0.442854
-0.442854
-0.442854
-0.442854
-0.442854
-0.442854
-0.442854
-0.442854
-0.442854
-0.442854
-0.442854
-0.442854
-0.442854
-0.442854
-0.442854
-0.442854
-0.442854
-0.442854
-0.442854
-0.442854
-0.442854
-0.442854
-0.442854
-0.442854
-0.442854
-0.442854
-0.442854
-0.442854
-0.442854
-0.442854
-0.442853
-0.441555
-0.440256
-0.438957
-0.437659
-0.43636
-0.435061
-0.433762
-0.432464
-0.431165
-0.429866
-0.428567
-0.427269
-0.42597
-0.424671
-0.423373
-0.422074
-0.420775
-0.419476
-0.418178
-0.416879
-0.41558
-0.399995
-0.399995
-0.399995
-0.399995
-0.399995
-0.399995
-0.399995
-0.399995
-0.399995
-0.399995
-0.399995
-0.399995
-0.399995
-0.399995
-0.399995
-0.399995
-0.399995
-0.399995
-0.399995
-0.399995
-0.399995
-0.399995
-0.399995
-0.399346
-0.398697
-0.398047
-0.397398
-0.396749
-0.396099
-0.39545
-0.3948
-0.394151
-0.393502
-0.392852
-0.392203
-0.391554
-0.390904
-0.390255
-0.389606
-0.388956
-0.388307
-0.387657
-0.387008
-0.386359
-0.385709
0.55987
0.55974
0.55961
0.55948
0.559351
0.559221
0.559091
0.558961
0.558831
0.558701
0.558571
0.558441
0.558312
0.558182
0.558052
0.557922
0.557792
0.557662
0.557532
0.557402
0.557272
0.557143
0.557143
0.557143
0.557143
0.557143
0.557143
0.557143
0.557143
0.557143
0.557143
0.557143
0.557143
0.557143
0.557143
0.557143
0.557143
0.557143
0.557143
0.557143
0.557143
0.557143
0.557143
0.557143
0.557143
0.557143
0.557143
0.557143
0.557143
0.557143
0.557143
0.557143
0.557143
0.557143
0.557143
0.557143
0.557143
0.557143
0.557143
0.557143
0.557143
0.557143
0.557143
0.557143
0.557143
0.557143
0.557143
0.557143
0.557143
0.557143
0.557143
0.557143
0.557143
0.557143
0.557143
0.557143
0.557143
0.557143
0.557143
0.557143
0.557143
0.557143
0.557143
0.557143
0.557143
0.557143
0.557143
0.557143
0.557143
0.557143
0.557143
0.557143
0.557143
0.557143
0.557143
0.557143
0.557143
0.557143
0.557143
0.557143
0.557143
0.557143
0.557143
0.557143
0.557143
0.557143
0.557143
0.557143
0.557143
0.557143
0.557143
0.557143
0.557143
0.557143
0.557143
0.557143
0.557143
0.557143
0.557143
0.557143
0.557143
0.557143
0.557143
0.557143
0.557143
0.557143
0.557143
0.557143
0.557143
0.557143
0.557143
0.557143
0.557143
0.557143
0.557143
0.557143
0.557143
0.557143
0.557143
0.557143
0.557143
0.557143
0.557143
0.557143
0.557143
0.557143
0.557143
0.557143
0.557143
0.557143
0.557143
0.557143
0.557143
0.557143
0.557035
0.556927
0.556818
0.55671
0.556602
0.556494
0.556386
0.556277
0.556169
0.556061
0.555953
0.555844
0.555736
0.555628
0.55552
0.555411
0.555303
0.555195
0.555087
0.554978
0.55487
0.554762
0.554654
0.554545
0.554437
0.554329
0.554221
0.554112
0.554004
0.553896
0.553788
0.553679
0.553571
0.553463
0.553355
0.553246
0.553138
0.55303
0.552922
0.552814
0.552705
0.552597
0.552489
0.552381
0.552272
0.552164
0.552056
0.551948
0.551839
0.551731
0.551623
0.551515
0.551406
0.551298
0.55119
0.551082
0.550973
0.550865
0.550757
0.550649
0.55054
0.550432
0.550324
0.550216
0.550107
0.549999
0.549891
0.549783
0.549675
0.549566
0.549458
0.54935
0.549242
0.549133
0.549025
0.548917
0.548809
0.5487
0.548592
0.548484
0.548376
0.548267
0.548159
0.548051
0.547943
0.547834
0.547726
0.547618
0.54751
0.547401
0.547293
0.547185
0.547077
0.546968
0.54686
0.546752
0.546644
0.546535
0.546427
0.546319
0.546211
0.546103
0.545994
0.545886
0.545778
0.54567
0.545561
0.545453
0.545345
0.545237
0.545128
0.54502
0.544912
0.544804
0.544695
0.544587
0.544479
0.544371
0.544262
0.544154
0.544046
0.543938
0.543829
0.543721
0.543613
0.543505
0.543396
0.543288
0.54318
0.543072
0.542964
0.542855
0.542857
0.542857
0.542857
0.542857
0.542857
0.542857
0.542857
0.542857
0.542857
0.542857
0.542857
0.542857
0.542857
0.542857
0.542857
0.542857
0.542857
0.542857
0.542857
0.542857
0.542857
0.542857
0.542857
0.542857
0.542857
0.542857
0.542857
0.542857
0.542857
0.542857
0.542857
0.542857
0.542857
0.542857
0.542857
0.542857
0.542857
0.542857
0.542857
0.542857
0.542857
0.542857
0.542857
0.542857
0.542857
0.542857
0.542857
0.542857
0.542857
0.542857
0.542857
0.542857
0.542857
0.542857
0.542857
0.542857
0.542857
0.542857
0.542857
0.542857
0.542857
0.542857
0.542857
0.542857
0.542857
0.542857
0.542857
0.542857
0.542857
0.542857
0.542857
0.542857
0.542857
0.542857
0.542857
0.542857
0.542857
0.542857
0.542857
0.542857
0.542857
0.542857
0.542857
0.542857
0.542857
0.542857
0.542857
0.542857
0.542857
0.542857
0.542857
0.542857
0.542857
0.542857
0.542857
0.542857
0.542857
0.542857
0.542857
0.542857
0.542857
0.542857
0.542857
0.542857
0.542857
0.542857
0.542857
0.542857
0.542857
0.542857
0.542857
0.542857
0.542857
0.542857
0.542857
0.542857
0.542857
0.542857
0.542857
0.542857
0.542857
0.542857
0.542857
0.542857
0.542857
0.542857
0.542857
0.542857
0.542857
0.542857
0.542857
0.542857
0.542857
0.542857
0.542857
0.542857
0.542857
0.542857
0.542857
0.542857
0.542857
0.542857
0.542857
0.542857
0.542857
0.542857
0.542857
0.542857
0.542857
0.542857
0.542857
0.542857
0.542857
0.542857
0.542857
0.542857
0.542857
0.542857
0.542857
0.542857
0.542857
0.542857
0.542857
0.542857
0.542857
0.542857
0.542857
0.542857
0.542857
0.542857
0.542857
0.542857
0.542857
0.542857
0.542857
0.542857
0.542857
0.542857
0.542857
0.542857
0.542857
0.542857
0.542857
0.542857
0.542857
0.542857
0.542857
0.542857
0.542857
0.542857
0.542857
0.542857
0.542857
0.542857
0.542857
0.542857
0.542857
0.542857
0.542857
0.542857
0.542857
0.542857
0.542857
0.542857
0.542857
0.542857
0.542857
0.542857
0.542857
0.542857
0.542857
0.542857
0.542857
0.542857
0.542857
0.542857
0.542857
0.542857
0.542857
0.542857
0.542857
0.542857
0.542857
0.542857
0.542857
0.542857
0.542857
0.542857
0.542857
0.542857
0.542857
0.542857
0.542857
0.542857
0.542857
0.542857
0.542857
0.542857
0.542857
0.542857
0.542857
0.542857
0.542857
0.542857
0.542857
0.542857
0.542857
0.542857
0.542857
0.542857
0.542857
0.542857
0.542857
0.542857
0.542857
0.542857
0.542857
0.542857
0.542857
0.542857
0.542857
0.542857
0.542857
0.542857
0.542857
0.542857
0.542857
0.542857
0.542857
0.542857
0.542857
0.542857
0.542857
0.542857
0.542857
0.542857
0.542857
0.542857
0.542857
0.542857
0.542857
0.542857
0.542857
0.542857
0.542857
0.542857
0.542857
0.542857
0.542857
0.542857
0.542857
0.542857
0.542857
0.542857
0.542857
0.542857
0.542857
0.542857
0.542857
0.542857
0.542857
0.542857
0.542857
0.542857
0.542857
0.542857
0.542857
0.542857
0.542857
0.542857
0.542857
0.542857
0.542857
0.542857
0.542857
0.542857
0.542857
0.542857
0.542857
0.542857
0.542857
0.542857
0.542857
0.542857
0.542857
0.542857
0.542857
0.542857
0.542857
0.542857
0.542857
0.542857
0.542857
0.542857
0.542857
0.542857
0.542857
0.542857
0.542857
0.542857
0.542857
0.542857
0.542857
0.542857
0.542857
0.542857
0.542857
0.542857
0.542857
0.542857
0.542857
0.542857
0.542857
0.542857
0.542857
0.542857
0.542857
0.542857
0.542857
0.542857
0.542857
0.542857
0.542857
0.542857
0.542857
0.542857
0.542857
0.542857
0.542857
0.542857
0.542857
0.542857
0.542857
0.542857
0.470781
0.470131
0.469482
0.468832
0.468183
0.467534
0.466884
0.466235
0.465586
0.464936
0.464287
0.463638
0.462988
0.462339
0.461689
0.46104
0.460391
0.459741
0.459092
0.458443
0.457793
0.457144
0.442208
0.441559
0.44091
0.44026
0.439611
0.438962
0.438312
0.437663
0.437014
0.436364
0.435715
0.435065
0.434416
0.433767
0.433117
0.432468
0.431819
0.431169
0.43052
0.429871
0.429221
0.428572
0.427922
0.427273
0.426624
0.425974
0.425325
0.424676
0.424026
0.423377
0.422728
0.422078
0.421429
0.420779
0.42013
0.419481
0.418831
0.418182
0.417533
0.416883
0.416234
0.415585
0.414935
0.414286
0.914075
0.913859
0.913642
0.913426
0.913209
0.912993
0.912776
0.91256
0.912343
0.912127
0.91191
0.911694
0.911477
0.911261
0.911044
0.910828
0.910611
0.910395
0.910178
0.909962
0.909745
0.909529
0.909312
0.909096
0.90888
0.908663
0.908447
0.90823
0.908014
0.907797
0.907581
0.907364
0.907148
0.906931
0.906715
0.906498
0.906282
0.906065
0.905849
0.905632
0.905416
0.905199
0.904983
0.904766
0.90455
0.904333
0.904117
0.9039
0.903684
0.903467
0.903251
0.903034
0.902818
0.902601
0.902385
0.902169
0.901952
0.901736
0.901519
0.901303
0.901086
0.90087
0.900653
0.900437
0.90022
0.900004
0.899681
0.899356
0.899032
0.898707
0.898382
0.898058
0.897733
0.897408
0.897084
0.896759
0.896434
0.89611
0.895785
0.89546
0.895136
0.894811
0.894486
0.894162
0.893837
0.893512
0.893188
0.892863
0.892538
0.892214
0.891889
0.891564
0.89124
0.890915
0.89059
0.890266
0.889941
0.889616
0.889292
0.888967
0.888642
0.888318
0.887993
0.887668
0.887344
0.887019
0.886694
0.88637
0.886045
0.88572
0.88572
0.88572
0.88572
0.88572
0.88572
0.88572
0.88572
0.88572
0.88572
0.88572
0.88572
0.88572
0.88572
0.88572
0.88572
0.88572
0.88572
0.88572
0.88572
0.88572
0.88572
0.88572
0.88572
0.88572
0.88572
0.88572
0.88572
0.88572
0.88572
0.88572
0.88572
0.88572
0.88572
0.88572
0.88572
0.88572
0.88572
0.88572
0.88572
0.88572
0.88572
0.88572
0.88572
0.88572
0.885395
0.88507
0.884746
0.884421
0.884096
0.883772
0.883447
0.883122
0.882798
0.882473
0.882148
0.881824
0.881499
0.881174
0.88085
0.880525
0.8802
0.879876
0.879551
0.879226
0.878902
-0.571429
0.878252
0.877928
0.877603
0.877278
0.876954
0.876629
0.876304
0.87598
0.875655
0.87533
0.875006
0.874681
0.874356
0.874032
0.873707
0.873382
0.873058
0.872733
0.872408
0.872084
0.871759
0.871434
0.871433
0.871433
0.871433
0.871433
0.871433
0.871433
0.871433
0.871433
0.871433
0.871433
0.871433
0.871433
0.871433
0.871433
0.871433
0.871433
0.871433
0.871433
0.871433
0.871433
0.871433
0.871433
0.871217
0.871001
0.870784
0.870568
0.870351
0.870135
0.869918
0.869702
0.869485
0.869269
0.869052
0.868836
0.868619
0.868403
0.868186
0.86797
0.867753
0.867537
0.86732
0.867104
0.866887
0.866671
0.866454
0.866238
0.866021
0.865805
0.865588
0.865372
0.865155
0.864939
0.864722
0.864506
0.86429
0.864073
0.863857
0.86364
0.863424
0.863207
0.862991
0.862774
0.862558
0.862341
0.862125
0.861908
0.861692
0.861475
0.861259
0.861042
0.860826
0.860609
0.860393
0.860176
0.85996
0.859743
0.859527
0.85931
0.859094
0.858877
0.858661
0.858444
0.858228
0.858011
0.857795
0.857579
0.857362
0.857146
0.857147
0.857147
0.857147
0.857147
0.857147
0.857147
0.857147
0.857147
0.857147
0.857147
0.857147
0.857147
0.857147
0.857147
0.857147
0.857147
0.857147
0.857147
0.857147
0.857147
0.857147
0.857147
0.856498
0.855849
0.855199
0.85455
0.8539
0.853251
0.852602
0.851952
0.851303
0.850654
0.850004
0.849355
0.848705
0.848056
0.847407
0.846757
0.846108
0.845458
0.844809
0.84416
0.84351
0.842861
0.842537
0.842212
0.841887
0.841563
0.841238
0.840913
0.840589
0.840264
0.839939
0.839615
0.83929
0.838965
0.838641
0.838316
0.837991
0.837667
0.837342
0.837017
0.836693
0.836368
0.836043
0.835719
0.835394
0.835069
0.834745
0.83442
0.834095
0.833771
0.833446
0.833121
0.832797
0.832472
0.832147
0.831823
0.831498
0.831173
0.830849
0.830524
0.830199
0.829875
0.82955
0.829225
0.828901
0.828576
0.828575
0.828575
0.828575
0.828575
0.828575
0.828575
0.828575
0.828575
0.828575
0.828575
0.828575
0.828575
0.828575
0.828575
0.828575
0.828575
0.828575
0.828575
0.828575
0.828575
0.828575
0.828575
0.828251
0.827926
0.827601
0.827277
0.826952
0.826627
0.826303
0.825978
0.825653
0.825329
0.825004
0.824679
0.824355
0.82403
0.823705
0.823381
0.823056
0.822731
0.822407
0.822082
0.821757
0.821433
0.821108
0.820783
0.820459
0.820134
0.819809
0.819485
0.81916
0.818835
0.818511
0.818186
0.817861
0.817537
0.817212
0.816887
0.816563
0.816238
0.815913
0.815589
0.815264
0.814939
0.814615
0.81429
0.813965
0.81364
0.813315
0.812991
0.812666
0.812341
0.812017
0.811692
0.811367
0.811043
0.810718
0.810393
0.810069
0.809744
0.809419
0.809095
0.80877
0.808445
0.808121
0.807796
0.807471
0.807147
0.806822
0.806497
0.806173
0.805848
0.805523
0.805199
0.804874
0.804549
0.804225
0.8039
0.803575
0.803251
0.802926
0.802601
0.802277
0.801952
0.801627
0.801303
0.800978
0.800653
0.800329
0.800004
0.799679
0.799354
0.799029
0.798705
0.79838
0.798055
0.797731
0.797406
0.797081
0.796757
0.796432
0.796107
0.795783
0.795458
0.795133
0.794809
0.794484
0.794159
0.793835
0.79351
0.793185
0.792861
0.792536
0.792211
0.791887
0.791562
0.791237
0.790913
0.790588
0.790263
0.789939
0.789614
0.789289
0.788965
0.78864
0.788315
0.787991
0.787666
0.787341
0.787017
0.786692
0.786367
0.786043
0.785718
0.785393
0.785069
0.784744
0.784419
0.784095
0.78377
0.783445
0.783121
0.782796
0.782471
0.782147
0.781822
0.781497
0.781173
0.780848
0.780523
0.780199
0.779874
0.779549
0.779225
0.7789
0.778575
0.778251
0.777926
0.777601
0.777277
0.776952
0.776627
0.776303
0.775978
0.775653
0.775329
0.775004
0.774679
0.774355
0.77403
0.773705
0.773381
0.773056
0.772731
0.772407
0.772082
0.771757
0.771433
0.771107
0.770782
0.770457
0.770133
0.769808
0.769483
0.769159
0.768834
0.768509
0.768185
0.76786
0.767535
0.767211
0.766886
0.766561
0.766237
0.765912
0.765587
0.765263
0.764938
0.764613
0.764289
0.763964
0.763639
0.763315
0.76299
0.762665
0.762341
0.762016
0.761691
0.761367
0.761042
0.760717
0.760393
0.760068
0.759743
0.759419
0.759094
0.758769
0.758445
0.75812
0.757795
0.757471
0.757146
0.756929
0.756712
0.756496
0.756279
0.756063
0.755846
0.75563
0.755413
0.755197
0.75498
0.754764
0.754547
0.754331
0.754114
0.753898
0.753681
0.753465
0.753248
0.753032
0.752815
0.752599
0.752383
0.752166
0.75195
0.751733
0.751517
0.7513
0.751084
0.750867
0.750651
0.750434
0.750218
0.750001
0.749785
0.749568
0.749352
0.749135
0.748919
0.748702
0.748486
0.748269
0.748053
0.747836
0.74762
0.747403
0.747187
0.74697
0.746754
0.746537
0.746321
0.746104
0.745888
0.745672
0.745455
0.745239
0.745022
0.744806
0.744589
0.744373
0.744156
0.74394
0.743723
0.743507
0.74329
0.743074
0.742857
0.74221
0.74156
0.740911
0.740262
0.739612
0.738963
0.738313
0.737664
0.737015
0.736365
0.735716
0.735066
0.734417
0.733768
0.733118
0.732469
0.731819
0.73117
0.730521
0.729871
0.729222
0.728572
0.727923
0.727274
0.726624
0.725975
0.725326
0.724676
0.724027
0.723377
0.722728
0.722079
0.721429
0.72078
0.72013
0.719481
0.718832
0.718182
0.717533
0.716883
0.716234
0.715585
0.714935
0.714286
0.713962
0.713638
0.713313
0.712988
0.712664
0.712339
0.712014
0.71169
0.711365
0.71104
0.710716
0.710391
0.710066
0.709742
0.709417
0.709092
0.708768
0.708443
0.708118
0.707794
0.707469
0.707144
0.70682
0.706495
0.70617
0.705846
0.705521
0.705196
0.704872
0.704547
0.704222
0.703898
0.703573
0.703248
0.702924
0.702599
0.702274
0.70195
0.701625
0.7013
0.700976
0.700651
0.700326
0.700002
0.700001
0.700001
0.700001
0.700001
0.700001
0.700001
0.700001
0.700001
0.700001
0.700001
0.700001
0.700001
0.700001
0.700001
0.700001
0.700001
0.700001
0.700001
0.700001
0.700001
0.700001
0.700001
0.699352
0.698702
0.698053
0.697403
0.696754
0.696105
0.695455
0.694806
0.694156
0.693507
0.692858
0.692208
0.691559
0.69091
0.69026
0.689611
0.688961
0.688312
0.687663
0.687013
0.686364
0.685714
0.685715
0.685715
0.685715
0.685715
0.685715
0.685715
0.685715
0.685715
0.685715
0.685715
0.685715
0.685715
0.685715
0.685715
0.685715
0.685715
0.685715
0.685715
0.685715
0.685715
0.685715
0.685715
0.685066
0.684416
0.683767
0.683117
0.682468
0.681819
0.681169
0.68052
0.67987
0.679221
0.678572
0.677922
0.677273
0.676623
0.675974
0.675325
0.674675
0.674026
0.673377
0.672727
0.672078
0.671428
0.67078
0.67013
0.669481
0.668831
0.668182
0.667533
0.666883
0.666234
0.665584
0.664935
0.664286
0.663636
0.662987
0.662337
0.661688
0.661039
0.660389
0.65974
0.65909
0.658441
0.657792
0.657142
-0.081823
-0.0779268
-0.0740306
-0.0701344
-0.0662382
-0.062342
-0.0584458
-0.0545496
-0.0506534
-0.0467572
-0.042861
-0.0389648
-0.0350687
-0.0311725
-0.0272763
-0.0233801
-0.0194839
-0.0155877
-0.0116915
-0.00779531
-0.00389911
-2.92063e-06
0.00356859
0.0071401
0.0107116
0.0142831
0.0178546
0.0214261
0.0249977
0.0285692
0.0321407
0.0357122
0.0392837
0.0428552
0.0464267
0.0499982
0.0535697
0.0571412
0.0607128
0.0642843
0.0678558
0.0714273
0.0749988
0.0999994
0.100649
0.101298
0.101948
0.102597
0.103246
0.103896
0.104545
0.105194
0.105844
0.106493
0.107142
0.107792
0.108441
0.109091
0.10974
0.110389
0.111039
0.111688
0.112337
0.112987
0.113636
0.114285
0.116558
0.118831
0.121104
0.123376
0.125649
0.127922
0.130195
0.132467
0.13474
0.137013
0.139286
0.141559
0.143831
0.146104
0.148377
0.15065
0.152923
0.155195
0.157468
0.159741
0.162014
0.164286
0.166559
0.168832
0.171105
0.173378
0.17565
0.177923
0.180196
0.182469
0.184741
0.187014
0.189287
0.19156
0.193833
0.196105
0.198378
0.200651
0.202924
0.205197
0.207469
0.209742
0.212015
0.214288
0.217859
0.221431
0.225002
0.228574
0.232145
0.235717
0.239288
0.24286
0.246431
0.250003
0.253574
0.257146
0.260717
0.264289
0.26786
0.271432
0.275003
0.278575
0.282146
0.285718
0.289289
0.292861
0.296432
0.300004
0.303575
0.307147
0.310718
0.31429
0.317861
0.321433
0.325005
0.328576
0.332148
0.335719
0.339291
0.342862
0.346434
0.350005
0.353577
0.357148
0.36072
0.364291
0.367863
0.428578
0.431176
0.433773
0.436371
0.438968
0.441566
0.444163
0.44676
0.449358
0.451955
0.454553
0.45715
0.459748
0.462345
0.464943
0.46754
0.470138
0.472735
0.475332
0.47793
0.480527
0.483125
0.485722
0.488969
0.492216
0.495463
0.49871
0.501957
0.505203
0.50845
0.511697
0.514944
0.518191
0.521438
0.524684
0.527931
0.531178
0.534425
0.537672
0.540919
0.544166
0.547412
0.550659
0.553906
0.557153
-0.258465
-0.259764
-0.261063
-0.262361
-0.26366
-0.264959
-0.266258
-0.267556
-0.268855
-0.270154
-0.271452
-0.272751
-0.27405
-0.275349
-0.276647
-0.277946
-0.279245
-0.280544
-0.281842
-0.283141
-0.28444
-0.285739
-0.286388
-0.287037
-0.287687
-0.288336
-0.288985
-0.289635
-0.290284
-0.290933
-0.291583
-0.292232
-0.292882
-0.293531
-0.29418
-0.29483
-0.295479
-0.296128
-0.296778
-0.297427
-0.298076
-0.298726
-0.299375
-0.328597
-0.329246
-0.329895
-0.330545
-0.331194
-0.331843
-0.332493
-0.333142
-0.333792
-0.334441
-0.33509
-0.33574
-0.336389
-0.337038
-0.337688
-0.338337
-0.338986
-0.339636
-0.340285
-0.340935
-0.341584
-0.342233
-0.357169
-0.357818
-0.358467
-0.359117
-0.359766
-0.360416
-0.361065
-0.361714
-0.362364
-0.363013
-0.363662
-0.364312
-0.364961
-0.36561
-0.36626
-0.366909
-0.367559
-0.368208
-0.368857
-0.369507
-0.370156
-0.370805
-0.371455
-0.372104
-0.372754
-0.373403
-0.374052
-0.374702
-0.375351
-0.376
-0.37665
-0.377299
-0.377948
-0.378598
-0.379247
-0.379896
-0.380546
-0.381195
-0.381845
-0.382494
-0.383143
-0.383793
-0.384442
-0.385091
-0.400027
-0.401326
-0.402624
-0.403923
-0.405222
-0.406521
-0.407819
-0.409118
-0.410417
-0.411715
-0.413014
-0.414313
-0.415612
-0.41691
-0.418209
-0.419508
-0.420807
-0.422105
-0.423404
-0.424703
-0.426001
-0.4273
-0.428599
-0.429248
-0.429898
-0.430547
-0.431196
-0.431846
-0.432495
-0.433144
-0.433794
-0.434443
-0.435093
-0.435742
-0.436391
-0.437041
-0.43769
-0.438339
-0.438989
-0.439638
-0.440287
-0.440937
-0.441586
-0.442236
-0.457171
-0.45782
-0.45847
-0.459119
-0.459768
-0.460418
-0.461067
-0.461717
-0.462366
-0.463015
-0.463665
-0.464314
-0.464963
-0.465613
-0.466262
-0.466911
-0.467561
-0.46821
-0.46886
-0.469509
-0.470158
-0.470808
-0.485743
-0.487042
-0.488341
-0.489639
-0.490938
-0.492237
-0.493536
-0.494834
-0.496133
-0.497432
-0.49873
-0.500029
-0.501328
-0.502627
-0.503925
-0.505224
-0.506523
-0.507822
-0.50912
-0.510419
-0.511718
-0.513016
-0.514315
-0.514964
-0.515613
-0.516263
-0.516912
-0.517561
-0.518211
-0.51886
-0.51951
-0.520159
-0.520808
-0.521458
-0.522107
-0.522757
-0.523406
-0.524055
-0.524705
-0.525354
-0.526004
-0.526653
-0.527302
-0.527952
-0.542887
-0.543536
-0.544185
-0.544835
-0.545484
-0.546134
-0.546783
-0.547432
-0.548082
-0.548731
-0.549381
-0.55003
-0.550679
-0.551329
-0.551978
-0.552628
-0.553277
-0.553926
-0.554576
-0.555225
-0.555874
-0.556524
0.871429
-0.572108
-0.572757
-0.573407
-0.574056
-0.574706
-0.575355
-0.576004
-0.576654
-0.577303
-0.577953
-0.578602
-0.579251
-0.579901
-0.58055
-0.5812
-0.581849
-0.582498
-0.583148
-0.583797
-0.584447
-0.585096
-0.600031
-0.600031
-0.600031
-0.600031
-0.600031
-0.600031
-0.600031
-0.600031
-0.600031
-0.600031
-0.600031
-0.600031
-0.600031
-0.600031
-0.600031
-0.600031
-0.600031
-0.600031
-0.600031
-0.600031
-0.600031
-0.600031
-0.614317
-0.614317
-0.614317
-0.614317
-0.614317
-0.614317
-0.614317
-0.614317
-0.614317
-0.614317
-0.614317
-0.614317
-0.614317
-0.614317
-0.614317
-0.614317
-0.614317
-0.614317
-0.614317
-0.614317
-0.614317
-0.614317
-0.628604
-0.627955
-0.627305
-0.626656
-0.626006
-0.625357
-0.624708
-0.624058
-0.623409
-0.62276
-0.62211
-0.621461
-0.620811
-0.620162
-0.619513
-0.618863
-0.618214
-0.617564
-0.616915
-0.616266
-0.615616
-0.614967
-0.228594
-0.227295
-0.225997
-0.224698
-0.223399
-0.222101
-0.220802
-0.219503
-0.218204
-0.216906
-0.215607
-0.214308
-0.213009
-0.211711
-0.210412
-0.209113
-0.207815
-0.206516
-0.205217
-0.203918
-0.20262
-0.201321
-0.142878
-0.141579
-0.140281
-0.138982
-0.137683
-0.136384
-0.135086
-0.133787
-0.132488
-0.131189
-0.129891
-0.128592
-0.127293
-0.125995
-0.124696
-0.123397
-0.122098
-0.1208
-0.119501
-0.118202
-0.116903
-0.115605
-0.0571618
-0.0545643
-0.0519669
-0.0493694
-0.046772
-0.0441745
-0.041577
-0.0389796
-0.0363821
-0.0337847
-0.0311872
-0.0285897
-0.0259923
-0.0233948
-0.0207973
-0.0181999
-0.0156024
-0.013005
-0.0104075
-0.00781003
-0.00521257
-0.00261511
-1.76575e-05
0.00322917
0.006476
0.00972283
0.0129697
0.0162165
0.0194633
0.0227101
0.025957
0.0292038
0.0324506
0.0356974
0.0389443
0.0421911
0.0454379
0.0486848
0.0519316
0.0551784
0.0584252
0.0616721
0.0649189
0.0681657
0.128557
0.129856
0.131154
0.132453
0.133752
0.13505
0.136349
0.137648
0.138947
0.140245
0.141544
0.142843
0.144142
0.14544
0.146739
0.148038
0.149336
0.150635
0.151934
0.153233
0.154531
0.15583
0.214273
0.215572
0.216871
0.218169
0.219468
0.220767
0.222065
0.223364
0.224663
0.225962
0.22726
0.228559
0.229858
0.231157
0.232455
0.233754
0.235053
0.236351
0.23765
0.238949
0.240248
0.241546
0.314275
0.316224
0.318172
0.32012
0.322068
0.324016
0.325964
0.327912
0.32986
0.331808
0.333756
0.335704
0.337653
0.339601
0.341549
0.343497
0.345445
0.347393
0.349341
0.351289
0.353237
0.355185
0.457136
0.457785
0.458434
0.459084
0.459733
0.460383
0.461032
0.461681
0.462331
0.46298
0.463629
0.464279
0.464928
0.465577
0.466227
0.466876
0.467526
0.468175
0.468824
0.469474
0.470123
0.470772
0.557138
0.557138
0.557138
0.557138
0.557138
0.557138
0.557138
0.557138
0.557138
0.557138
0.557138
0.557138
0.557138
0.557138
0.557138
0.557138
0.557138
0.557138
0.557138
0.557138
0.557138
0.557138
0.557138
0.557138
0.557138
0.557138
0.557138
0.557138
0.557138
0.557138
0.557138
0.557138
0.557138
0.557138
0.557138
0.557138
0.557138
0.557138
0.557138
0.557138
0.557138
0.557138
0.557138
0.557138
0.557139
0.556489
0.55584
0.55519
0.554541
0.553892
0.553242
0.552593
0.551943
0.551294
0.550645
0.549995
0.549346
0.548696
0.548047
0.547398
0.546748
0.546099
0.545449
0.5448
0.544151
0.543501
0.542853
0.542203
0.541554
0.540904
0.540255
0.539606
0.538956
0.538307
0.537657
0.537008
0.536359
0.535709
0.53506
0.53441
0.533761
0.533112
0.532462
0.531813
0.531163
0.530514
0.529865
0.529215
0.528566
0.527267
0.525968
0.52467
0.523371
0.522072
0.520773
0.519475
0.518176
0.516877
0.515579
0.51428
0.512981
0.511682
0.510384
0.509085
0.507786
0.506487
0.505189
0.50389
0.502591
0.501293
0.485708
0.485058
0.484409
0.48376
0.48311
0.482461
0.481812
0.481162
0.480513
0.479863
0.479214
0.478565
0.477915
0.477266
0.476617
0.475967
0.475318
0.474669
0.474019
0.47337
0.47272
0.472071
0.457136
0.456486
0.455837
0.455188
0.454538
0.453889
0.453239
0.45259
0.451941
0.451291
0.450642
0.449993
0.449343
0.448694
0.448045
0.447395
0.446746
0.446096
0.445447
0.444798
0.444148
0.443499
0.428564
0.427914
0.427265
0.426615
0.425966
0.425317
0.424667
0.424018
0.423369
0.422719
0.42207
0.421421
0.420771
0.420122
0.419472
0.418823
0.418174
0.417524
0.416875
0.416226
0.415576
0.414927
0.414277
0.41168
0.409082
0.406485
0.403888
0.40129
0.398693
0.396095
0.393498
0.3909
0.388303
0.385705
0.383108
0.38051
0.377913
0.375316
0.372718
0.370121
0.367523
0.364926
0.362328
0.359731
0.357133
0.355835
0.354536
0.353237
0.351938
0.35064
0.349341
0.348042
0.346743
0.345445
0.344146
0.342847
0.341549
0.34025
0.338951
0.337652
0.336354
0.335055
0.333756
0.332457
0.331159
0.32986
0.328561
0.327262
0.325964
0.324665
0.323366
0.322068
0.320769
0.31947
0.318171
0.316873
0.315574
0.314275
0.312976
0.311678
0.310379
0.30908
0.307782
0.306483
0.305184
0.303885
0.302587
0.301288
0.299989
0.298366
0.296743
0.295119
0.293496
0.291872
0.290249
0.288625
0.287002
0.285379
0.283755
0.282132
0.280508
0.278885
0.277261
0.275638
0.274015
0.272391
0.270768
0.269144
0.267521
0.265898
0.264274
0.262651
0.261027
0.259404
0.25778
0.256157
0.254534
0.25291
0.251287
0.249663
0.24804
0.246416
0.244793
0.24317
0.241546
0.239923
0.238299
0.236676
0.235053
0.233429
0.231806
0.230182
0.228559
0.22726
0.225961
0.224663
0.223364
0.222065
0.220767
0.219468
0.218169
0.21687
0.215572
0.214273
0.212974
0.211675
0.210377
0.209078
0.207779
0.206481
0.205182
0.203883
0.202584
0.201286
-0.685714
-0.685714
-0.685714
-0.685714
-0.685714
-0.685714
-0.685714
-0.685714
-0.685714
-0.685714
-0.685714
-0.685714
-0.685714
-0.685714
-0.685714
-0.685714
-0.685714
-0.685714
-0.685714
-0.685714
-0.685714
-0.685714
-0.685714
0.15583
0.154531
0.153233
0.151934
0.150635
0.149336
0.148038
0.146739
0.14544
0.144141
0.142843
0.141544
0.140245
0.138947
0.137648
0.136349
0.13505
0.133752
0.132453
0.131154
0.129855
0.128557
0.127907
0.127258
0.126609
0.125959
0.12531
0.12466
0.124011
0.123362
0.122712
0.122063
0.121414
0.120764
0.120115
0.119466
0.118816
0.118167
0.117518
0.116868
0.116219
0.115569
0.11492
0.114271
0.112972
0.111673
0.110375
0.109076
0.107777
0.106478
0.10518
0.103881
0.102582
0.101283
0.0999847
0.0986859
0.0973872
0.0960885
0.0947897
0.093491
0.0921923
0.0908935
0.0895948
0.0882961
0.0869973
0.0714125
0.0707632
0.0701138
0.0694644
0.0688151
0.0681657
0.0675164
0.066867
0.0662176
0.0655683
0.0649189
0.0642695
0.0636202
0.0629708
0.0623215
0.0616721
0.0610227
0.0603734
0.059724
0.0590746
0.0584253
0.0577759
0.0571265
0.0564772
0.0558278
0.0551784
0.0545291
0.0538797
0.0532303
0.052581
0.0519316
0.0512822
0.0506329
0.0499835
0.0493341
0.0486848
0.0480354
0.047386
0.0467367
0.0460873
0.0454379
0.0447886
0.0441392
0.0434898
0.0142684
0.0142684
0.0142684
0.0142684
0.0142684
0.0142684
0.0142684
0.0142684
0.0142684
0.0142684
0.0142684
0.0142684
0.0142684
0.0142684
0.0142684
0.0142684
0.0142684
0.0142684
0.0142684
0.0142684
0.0142684
0.0142684
-1.76414e-05
-0.000667007
-0.00131637
-0.00196574
-0.0026151
-0.00326447
-0.00391383
-0.0045632
-0.00521257
-0.00586193
-0.0065113
-0.00716066
-0.00781003
-0.00845939
-0.00910876
-0.00975813
-0.0104075
-0.0110569
-0.0117062
-0.0123556
-0.013005
-0.0136543
-0.0143037
-0.0149531
-0.0156024
-0.0162518
-0.0169012
-0.0175505
-0.0181999
-0.0188493
-0.0194986
-0.020148
-0.0207973
-0.0214467
-0.0220961
-0.0227454
-0.0233948
-0.0240442
-0.0246935
-0.0253429
-0.0259923
-0.0266416
-0.027291
-0.0279404
-0.0428758
-0.0441745
-0.0454732
-0.046772
-0.0480707
-0.0493694
-0.0506682
-0.0519669
-0.0532656
-0.0545643
-0.0558631
-0.0571618
-0.0584605
-0.0597593
-0.061058
-0.0623567
-0.0636555
-0.0649542
-0.0662529
-0.0675517
-0.0688504
-0.0701491
-0.0714478
-0.0714478
-0.0714478
-0.0714478
-0.0714478
-0.0714478
-0.0714478
-0.0714478
-0.0714478
-0.0714478
-0.0714478
-0.0714478
-0.0714478
-0.0714478
-0.0714478
-0.0714478
-0.0714478
-0.0714478
-0.0714478
-0.0714478
-0.0714478
-0.0714478
-0.10002
-0.10002
-0.10002
-0.10002
-0.10002
-0.10002
-0.10002
-0.10002
-0.10002
-0.10002
-0.10002
-0.10002
-0.10002
-0.10002
-0.10002
-0.10002
-0.10002
-0.10002
-0.10002
-0.10002
-0.10002
-0.10002
-0.128592
-0.129566
-0.13054
-0.131514
-0.132488
-0.133462
-0.134436
-0.135411
-0.136385
-0.137359
-0.138333
-0.139307
-0.140281
-0.141255
-0.142229
-0.143203
-0.144177
-0.145151
-0.146125
-0.147099
-0.148073
-0.149047
-0.150021
-0.150995
-0.151969
-0.152943
-0.153917
-0.154891
-0.155865
-0.156839
-0.157814
-0.158788
-0.159762
-0.160736
-0.16171
-0.162684
-0.163658
-0.164632
-0.165606
-0.16658
-0.167554
-0.168528
-0.169502
-0.170476
-0.17145
-0.1721
-0.172749
-0.173398
-0.174048
-0.174697
-0.175346
-0.175996
-0.176645
-0.177294
-0.177944
-0.178593
-0.179243
-0.179892
-0.180541
-0.181191
-0.18184
-0.182489
-0.183139
-0.183788
-0.184437
-0.185087
-0.200022
-0.200022
-0.200022
-0.200022
-0.200022
-0.200022
-0.200022
-0.200022
-0.200022
-0.200022
-0.200022
-0.200022
-0.200022
-0.200022
-0.200022
-0.200022
-0.200022
-0.200022
-0.200022
-0.200022
-0.200022
-0.200022
-0.200022
-0.200672
-0.201321
-0.20197
-0.20262
-0.203269
-0.203918
-0.204568
-0.205217
-0.205867
-0.206516
-0.207165
-0.207815
-0.208464
-0.209113
-0.209763
-0.210412
-0.211061
-0.211711
-0.21236
-0.21301
-0.213659
-0.214308
0.0565066
0.0558573
0.0552079
0.0545585
0.0539092
0.0532598
0.0526104
0.0519611
0.0513117
0.0506623
0.050013
0.0493636
0.0487142
0.0480649
0.0474155
0.0467661
0.0461168
0.0454674
0.044818
0.0441687
0.0435193
0.0428699
0.0421896
0.0415093
0.040829
0.0401488
0.0394685
0.0387882
0.0381079
0.0374276
0.0367473
0.036067
0.0353868
0.0347065
0.0340262
0.0333459
0.0326656
0.0319853
0.031305
0.0306247
0.0299445
0.0292642
0.0142978
